((Leaf_A:0.10,Leaf_B:0.10)Node_1:0.10,(Leaf_C:0.10,Leaf_D:0.10)Node_2:0.10)Root:0.00;

Root Node_1
[[0.90957663 0.01612142 0.05277808 0.02152387]
 [0.02263842 0.93762531 0.00348307 0.0362532 ]
 [0.0881662  0.02522789 0.87157209 0.01503382]
 [0.01264782 0.01846969 0.05420236 0.91468013]]
**********************************************************************
Root Node_2
[[0.86731021 0.01019411 0.06194688 0.06054879]
 [0.00381094 0.95089699 0.01634316 0.0289489 ]
 [0.03291427 0.04577178 0.90667723 0.01463672]
 [0.04039264 0.02161036 0.03234188 0.90565511]]
**********************************************************************
Node_1 Leaf_A
[[0.92980631 0.02724924 0.02792202 0.01502242]
 [0.07025556 0.84991661 0.0715073  0.00832053]
 [0.02435833 0.05385014 0.91858506 0.00320647]
 [0.02007028 0.02068226 0.02826594 0.93098152]]
**********************************************************************
Node_1 Leaf_B
[[0.92227799 0.01907734 0.03897439 0.01967028]
 [0.01874663 0.88327956 0.08507615 0.01289767]
 [0.06472761 0.02445667 0.88116323 0.02965249]
 [0.03997411 0.00610199 0.01715554 0.93676836]]
**********************************************************************
Node_2 Leaf_C
[[0.90885983 0.02268902 0.02337834 0.0450728 ]
 [0.0345194  0.82843829 0.12215805 0.01488426]
 [0.00898543 0.00214948 0.94436743 0.04449766]
 [0.01389144 0.00235973 0.06145264 0.92229619]]
**********************************************************************
Node_2 Leaf_D
[[0.92050287 0.03338454 0.02867887 0.01743372]
 [0.03689103 0.85595447 0.05491202 0.05224248]
 [0.00923548 0.04078153 0.94164603 0.00833697]
 [0.0363192  0.03049091 0.02336061 0.90982928]]
**********************************************************************
