(Leaf_1:0.20,Leaf_2:0.05,(Leaf_3:0.20,Leaf_4:0.05)Node_1:0.05)Root:0.00;

Root Leaf_1
[[0.95313    0.00664722 0.03064999 0.00957279]
 [0.08826539 0.73989858 0.087717   0.08411903]
 [0.06705389 0.09859215 0.80565792 0.02869603]
 [0.02597057 0.02396186 0.12997655 0.82009102]]
**********************************************************************
Root Leaf_2
[[0.95310142 0.01647825 0.02063447 0.00978586]
 [0.01575423 0.95613835 0.02150222 0.0066052 ]
 [0.02955307 0.02551254 0.92917675 0.01575764]
 [0.01458328 0.00872611 0.00740765 0.96928296]]
**********************************************************************
Root Node_1
[[0.96926941 0.01794335 0.00812384 0.0046634 ]
 [0.02846513 0.92813761 0.03157259 0.01182467]
 [0.00259063 0.03586494 0.95630018 0.00524425]
 [0.02011616 0.01932626 0.00387442 0.95668316]]
**********************************************************************
Node_1 Leaf_3
[[0.85883523 0.04190331 0.05158504 0.04767642]
 [0.01315643 0.83029373 0.12459697 0.03195288]
 [0.05569178 0.11254897 0.78857357 0.04318568]
 [0.04305256 0.11584766 0.01920652 0.82189326]]
**********************************************************************
Node_1 Leaf_4
[[0.9612616  0.01775944 0.01192122 0.00905774]
 [0.01854338 0.93971324 0.00783321 0.03391016]
 [0.01362873 0.01645217 0.94779219 0.02212692]
 [0.00103221 0.02353226 0.01674297 0.95869256]]
**********************************************************************
