(Leaf_1:0.20,Leaf_2:0.05,(Leaf_3:0.20,Leaf_4:0.05)Node_1:0.05)Root:0.00;

Root Leaf_1
[[0.8424813  0.05141365 0.03082791 0.07527715]
 [0.03605422 0.87023577 0.01048364 0.08322637]
 [0.06866075 0.05448832 0.80319812 0.0736528 ]
 [0.06140539 0.07297132 0.08253803 0.78308527]]
**********************************************************************
Root Leaf_2
[[0.95366666 0.01957739 0.01108675 0.0156692 ]
 [0.02148737 0.96557009 0.00568091 0.00726163]
 [0.03519949 0.00865104 0.92059674 0.03555272]
 [0.00635468 0.02076573 0.0076679  0.96521169]]
**********************************************************************
Root Node_1
[[0.92925968 0.03522753 0.02083445 0.01467833]
 [0.00233963 0.96516599 0.02256341 0.00993097]
 [0.00368627 0.05302363 0.93546426 0.00782584]
 [0.00172445 0.00446108 0.02298183 0.97083264]]
**********************************************************************
Node_1 Leaf_3
[[0.80498081 0.07678883 0.08707564 0.03115472]
 [0.12604705 0.80422043 0.04261315 0.02711937]
 [0.04533537 0.08315856 0.74832488 0.12318119]
 [0.01293002 0.01923453 0.01534532 0.95249014]]
**********************************************************************
Node_1 Leaf_4
[[0.97475515 0.01468281 0.00470263 0.00585941]
 [0.02194738 0.91847922 0.01203662 0.04753678]
 [0.03004631 0.00157844 0.95606296 0.01231229]
 [0.00715073 0.01747455 0.011023   0.96435171]]
**********************************************************************
