(Leaf_1:0.10,Leaf_2:0.10,(Leaf_3:0.10,Leaf_4:0.10)Node_1:0.10)Root:0.00;

Root Leaf_1
[[0.91955707 0.03013329 0.02381606 0.02649359]
 [0.06570328 0.90022529 0.02840098 0.00567046]
 [0.0376461  0.06258366 0.85322857 0.04654167]
 [0.03160805 0.00243835 0.01721262 0.94874097]]
**********************************************************************
Root Leaf_2
[[0.93438607 0.01349466 0.01117717 0.0409421 ]
 [0.03636088 0.90801314 0.04569342 0.00993256]
 [0.00751551 0.05287686 0.92552119 0.01408643]
 [0.06194457 0.00850736 0.06729834 0.86224972]]
**********************************************************************
Root Node_1
[[0.89040343 0.0387038  0.01663708 0.0542557 ]
 [0.01853121 0.93114875 0.03042674 0.0198933 ]
 [0.0396522  0.00990489 0.93861084 0.01183207]
 [0.05910696 0.03061512 0.03907066 0.87120726]]
**********************************************************************
Node_1 Leaf_3
[[0.96623138 0.0208135  0.00670055 0.00625457]
 [0.03140503 0.91624943 0.02853998 0.02380555]
 [0.09379078 0.04191981 0.81929987 0.04498955]
 [0.06001094 0.01643601 0.01265135 0.91090171]]
**********************************************************************
Node_1 Leaf_4
[[0.88093018 0.04848037 0.01970389 0.05088556]
 [0.01412516 0.91687081 0.02067375 0.04833028]
 [0.02265751 0.05260752 0.90908777 0.0156472 ]
 [0.03377838 0.04263049 0.00449454 0.91909659]]
**********************************************************************
