(Leaf_1:0.10,Leaf_2:0.10,(Leaf_3:0.10,Leaf_4:0.10)Node_1:0.10)Root:0.00;

Root Leaf_1
[[0.94447421 0.01403231 0.01286538 0.0286281 ]
 [0.03475545 0.89592166 0.02287255 0.04645033]
 [0.07656511 0.03128146 0.84220944 0.04994399]
 [0.02935013 0.0027461  0.02568655 0.94221721]]
**********************************************************************
Root Leaf_2
[[0.95242927 0.00986865 0.0116814  0.02602067]
 [0.02825058 0.90190855 0.05847731 0.01136355]
 [0.01244209 0.03039603 0.91777165 0.03939023]
 [0.04996189 0.06876466 0.02692435 0.8543491 ]]
**********************************************************************
Root Node_1
[[0.86671984 0.01767389 0.06176638 0.05383988]
 [0.01866187 0.95513829 0.00851115 0.01768869]
 [0.04343943 0.01162794 0.89983388 0.04509875]
 [0.02624756 0.00284672 0.0620409  0.90886482]]
**********************************************************************
Node_1 Leaf_3
[[0.8669601  0.03821647 0.01651682 0.07830662]
 [0.01227007 0.98214755 0.00234034 0.00324204]
 [0.05577226 0.00181    0.87379063 0.06862711]
 [0.04840708 0.02466346 0.02365056 0.9032789 ]]
**********************************************************************
Node_1 Leaf_4
[[0.93189747 0.02321473 0.03351479 0.01137302]
 [0.02495531 0.91796177 0.04405634 0.01302658]
 [0.09556979 0.02433704 0.84272221 0.03737096]
 [0.02325887 0.01380018 0.02528083 0.93766012]]
**********************************************************************
